-20 -4 -30
-22 -4 -30
-24 -4 -30
-26 -4 -30
-20 -2 -30
-22 -2 -30
-24 -2 -30
-22 0 -30
-26 -6 -28
-28 -6 -28
-16 -4 -28
-18 -4 -28
-20 -4 -28
-22 -4 -28
-24 -4 -28
-26 -4 -28
-28 -4 -28
-30 -4 -28
-16 -2 -28
-18 -2 -28
-20 -2 -28
-22 -2 -28
-24 -2 -28
-26 -2 -28
-28 -2 -28
-20 0 -28
-22 0 -28
-24 0 -28
-26 0 -28
-26 -6 -26
-28 -6 -26
-30 -6 -26
-32 -6 -26
-14 -4 -26
-16 -4 -26
-18 -4 -26
-20 -4 -26
-22 -4 -26
-24 -4 -26
-26 -4 -26
-28 -4 -26
-30 -4 -26
-32 -4 -26
-14 -2 -26
-16 -2 -26
-18 -2 -26
-20 -2 -26
-22 -2 -26
-24 -2 -26
-26 -2 -26
-28 -2 -26
-30 -2 -26
-18 0 -26
-20 0 -26
-22 0 -26
-24 0 -26
-26 0 -26
-28 0 -26
-30 0 -26
-24 2 -26
-26 2 -26
-24 -6 -24
-26 -6 -24
-28 -6 -24
-30 -6 -24
-32 -6 -24
-14 -4 -24
-16 -4 -24
-18 -4 -24
-20 -4 -24
-22 -4 -24
-24 -4 -24
-26 -4 -24
-28 -4 -24
-30 -4 -24
-32 -4 -24
-14 -2 -24
-16 -2 -24
-18 -2 -24
-20 -2 -24
-22 -2 -24
-24 -2 -24
-26 -2 -24
-28 -2 -24
-30 -2 -24
-32 -2 -24
-16 0 -24
-18 0 -24
-20 0 -24
-22 0 -24
-24 0 -24
-26 0 -24
-28 0 -24
-30 0 -24
-28 -8 -22
-30 -8 -22
-22 -6 -22
-24 -6 -22
-26 -6 -22
-28 -6 -22
-30 -6 -22
-32 -6 -22
-12 -4 -22
-14 -4 -22
-16 -4 -22
-18 -4 -22
-20 -4 -22
-22 -4 -22
-24 -4 -22
-26 -4 -22
-28 -4 -22
-30 -4 -22
-32 -4 -22
-14 -2 -22
-16 -2 -22
-18 -2 -22
-20 -2 -22
-22 -2 -22
-24 -2 -22
-26 -2 -22
-28 -2 -22
-30 -2 -22
-32 -2 -22
-16 0 -22
-18 0 -22
-20 0 -22
-22 0 -22
-24 0 -22
-26 0 -22
-28 0 -22
-30 0 -22
-20 -8 -20
-22 -8 -20
-24 -8 -20
-26 -8 -20
-28 -8 -20
-30 -8 -20
-32 -8 -20
-18 -6 -20
-20 -6 -20
-22 -6 -20
-24 -6 -20
-26 -6 -20
-28 -6 -20
-30 -6 -20
-32 -6 -20
-12 -4 -20
-14 -4 -20
-16 -4 -20
-18 -4 -20
-20 -4 -20
-22 -4 -20
-24 -4 -20
-26 -4 -20
-28 -4 -20
-30 -4 -20
-32 -4 -20
-14 -2 -20
-16 -2 -20
-18 -2 -20
-20 -2 -20
-22 -2 -20
-24 -2 -20
-26 -2 -20
-28 -2 -20
-30 -2 -20
-32 -2 -20
-18 0 -20
-20 0 -20
-22 0 -20
-24 0 -20
-26 0 -20
-28 0 -20
-20 -10 -18
-22 -10 -18
-24 -10 -18
-26 -10 -18
-16 -8 -18
-18 -8 -18
-20 -8 -18
-22 -8 -18
-24 -8 -18
-26 -8 -18
-28 -8 -18
-30 -8 -18
-12 -6 -18
-14 -6 -18
-16 -6 -18
-18 -6 -18
-20 -6 -18
-22 -6 -18
-24 -6 -18
-26 -6 -18
-28 -6 -18
-30 -6 -18
-14 -4 -18
-16 -4 -18
-18 -4 -18
-20 -4 -18
-22 -4 -18
-24 -4 -18
-26 -4 -18
-28 -4 -18
-30 -4 -18
-32 -4 -18
-14 -2 -18
-16 -2 -18
-18 -2 -18
-20 -2 -18
-22 -2 -18
-24 -2 -18
-26 -2 -18
-28 -2 -18
-30 -2 -18
-32 -2 -18
-22 0 -18
-24 0 -18
-26 0 -18
-18 -10 -16
-20 -10 -16
-22 -10 -16
-24 -10 -16
-26 -10 -16
-28 -10 -16
-30 -10 -16
-14 -8 -16
-16 -8 -16
-18 -8 -16
-20 -8 -16
-22 -8 -16
-24 -8 -16
-26 -8 -16
-28 -8 -16
-30 -8 -16
-14 -6 -16
-16 -6 -16
-18 -6 -16
-20 -6 -16
-22 -6 -16
-24 -6 -16
-26 -6 -16
-28 -6 -16
-14 -4 -16
-16 -4 -16
-18 -4 -16
-20 -4 -16
-22 -4 -16
-24 -4 -16
-26 -4 -16
-28 -4 -16
-30 -4 -16
-16 -2 -16
-18 -2 -16
-20 -2 -16
-22 -2 -16
-24 -2 -16
-26 -2 -16
-28 -2 -16
-30 -2 -16
-22 -12 -14
-24 -12 -14
-26 -12 -14
-28 -12 -14
-16 -10 -14
-18 -10 -14
-20 -10 -14
-22 -10 -14
-24 -10 -14
-26 -10 -14
-28 -10 -14
-16 -8 -14
-18 -8 -14
-20 -8 -14
-22 -8 -14
-24 -8 -14
-26 -8 -14
-28 -8 -14
-30 -8 -14
-16 -6 -14
-18 -6 -14
-20 -6 -14
-22 -6 -14
-24 -6 -14
-26 -6 -14
-18 -4 -14
-20 -4 -14
-22 -4 -14
-24 -4 -14
-26 -4 -14
-20 -2 -14
-22 -2 -14
-24 -2 -14
-24 -14 -12
-26 -14 -12
-22 -12 -12
-24 -12 -12
-26 -12 -12
-18 -10 -12
-20 -10 -12
-22 -10 -12
-24 -10 -12
-26 -10 -12
-18 -8 -12
-20 -8 -12
-22 -8 -12
-24 -8 -12
-26 -8 -12
-18 -6 -12
-20 -6 -12
-22 -6 -12
-24 -6 -12
-18 -4 -12
-20 -4 -12
-22 -4 -12
-22 -10 -10
